#  Time      R1      e_R1      R2      e_R2       R3     e_R3      R4       e_R4
   0.000  2462.00    49.62   624.00    24.98   203.00    14.25    74.00     8.60
   0.807  2364.00    48.62   605.00    24.60   167.00    12.92    69.00     8.31
   1.613  2215.00    47.06   600.00    24.49   186.00    13.64    64.00     8.00
   2.420  2155.00    46.42   557.00    23.60   163.00    12.77    60.00     7.75
   3.227  2091.00    45.73   502.00    22.41   150.00    12.25    57.00     7.55
   4.033  1975.00    44.44   490.00    22.14   149.00    12.21    52.00     7.21
   4.840  1826.00    42.73   433.00    20.81   151.00    12.29    51.00     7.14
   5.647  1770.00    42.07   446.00    21.12   139.00    11.79    30.00     5.48
   6.453  1651.00    40.63   412.00    20.30   148.00    12.17    43.00     6.56
   7.260  1609.00    40.11   397.00    19.92   124.00    11.14    31.00     5.57
   8.067  1489.00    38.59   406.00    20.15   114.00    10.68    45.00     6.71
   8.873  1426.00    37.76   401.00    20.02   119.00    10.91    50.00     7.07
   9.680  1416.00    37.63   339.00    18.41   102.00    10.10    39.00     6.24
  10.487  1286.00    35.86   327.00    18.08   103.00    10.15    41.00     6.40
  11.293  1243.00    35.26   326.00    18.06   108.00    10.39    39.00     6.24
  12.100  1340.00    36.61   302.00    17.38   102.00    10.10    38.00     6.16
  12.907  1152.00    33.94   297.00    17.23    99.00     9.95    25.00     5.00
  13.713  1115.00    33.39   276.00    16.61    95.00     9.75    27.00     5.20
  14.520  1071.00    32.73   286.00    16.91    63.00     7.94    36.00     6.00
  15.327   999.00    31.61   286.00    16.91    79.00     8.89    31.00     5.57
  16.133   977.00    31.26   246.00    15.68    72.00     8.49    30.00     5.48
  16.940   911.00    30.18   210.00    14.49    63.00     7.94    22.00     4.69
  17.747   843.00    29.03   211.00    14.53    88.00     9.38    14.00     3.74
  18.553   814.00    28.53   211.00    14.53    56.00     7.48    27.00     5.20
  19.360   815.00    28.55   202.00    14.21    62.00     7.87    29.00     5.39
  20.167   850.00    29.15   173.00    13.15    61.00     7.81    25.00     5.00
  20.973   739.00    27.18   185.00    13.60    58.00     7.62    12.00     3.46
  21.780   697.00    26.40   156.00    12.49    63.00     7.94    22.00     4.69
  22.587   696.00    26.38   170.00    13.04    64.00     8.00    20.00     4.47
  23.393   647.00    25.44   169.00    13.00    46.00     6.78    32.00     5.66
  24.200   614.00    24.78   150.00    12.25    38.00     6.16    26.00     5.10
  25.007   577.00    24.02   144.00    12.00    51.00     7.14    21.00     4.58
  25.813   565.00    23.77   153.00    12.37    50.00     7.07    14.00     3.74
  26.620   494.00    22.23   108.00    10.39    39.00     6.24    11.00     3.32
  27.427   489.00    22.11   112.00    10.58    35.00     5.92    12.00     3.46
  28.233   475.00    21.79   134.00    11.58    36.00     6.00    15.00     3.87
  29.040   513.00    22.65   113.00    10.63    35.00     5.92    13.00     3.61
  29.847   429.00    20.71   113.00    10.63    45.00     6.71    11.00     3.32
  30.653   399.00    19.97    97.00     9.85    44.00     6.63    15.00     3.87
  31.460   376.00    19.39   104.00    10.20    21.00     4.58    11.00     3.32
  32.267   353.00    18.79    92.00     9.59    37.00     6.08     9.00     3.00
  33.073   353.00    18.79   102.00    10.10    34.00     5.83     7.00     2.65
  33.880   351.00    18.73    80.00     8.94    30.00     5.48     8.00     2.83
  34.687   339.00    18.41    86.00     9.27    27.00     5.20    14.00     3.74
  35.493   321.00    17.92    77.00     8.77    29.00     5.39    11.00     3.32
  36.300   304.00    17.44    69.00     8.31    19.00     4.36     7.00     2.65
  37.107   304.00    17.44    76.00     8.72    21.00     4.58     4.00     2.00
  37.913   280.00    16.73    48.00     6.93    26.00     5.10     8.00     2.83
  38.720   292.00    17.09    78.00     8.83    10.00     3.16     9.00     3.00
  39.527   272.00    16.49    65.00     8.06    17.00     4.12     9.00     3.00
  40.333   243.00    15.59    58.00     7.62    21.00     4.58     4.00     2.00
  41.140   222.00    14.90    56.00     7.48    24.00     4.90     4.00     2.00
  41.947   217.00    14.73    53.00     7.28    19.00     4.36     7.00     2.65
  42.753   230.00    15.17    72.00     8.49    13.00     3.61     3.00     1.73
  43.560   200.00    14.14    49.00     7.00    24.00     4.90     6.00     2.45
  44.367   186.00    13.64    41.00     6.40     7.00     2.65     6.00     2.45
  45.173   178.00    13.34    41.00     6.40    15.00     3.87     2.00     1.41
  45.980   167.00    12.92    45.00     6.71    14.00     3.74     3.00     1.73
  46.787   169.00    13.00    37.00     6.08    13.00     3.61     6.00     2.45
  47.593   166.00    12.88    37.00     6.08    12.00     3.46     5.00     2.24
  48.400   140.00    11.83    34.00     5.83    13.00     3.61     7.00     2.65
  49.207   155.00    12.45    39.00     6.24     9.00     3.00     5.00     2.24
  50.013   122.00    11.05    37.00     6.08    14.00     3.74     4.00     2.00
  50.820   144.00    12.00    37.00     6.08     8.00     2.83     3.00     1.73
  51.627   129.00    11.36    31.00     5.57     7.00     2.65     4.00     2.00
  52.433   117.00    10.82    29.00     5.39    10.00     3.16     0.10     5.00
  53.240   120.00    10.95    23.00     4.80    12.00     3.46     2.00     1.41
  54.047   110.00    10.49    25.00     5.00     6.00     2.45     3.00     1.73
  54.853    95.00     9.75    22.00     4.69     7.00     2.65     1.00     2.00
  55.660    82.00     9.06    28.00     5.29     5.00     2.24     3.00     1.73
  56.467    95.00     9.75    23.00     4.80     5.00     2.24     3.00     1.73
  57.273    96.00     9.80    17.00     4.12     7.00     2.65     4.00     2.00
  58.080    83.00     9.11    18.00     4.24     6.00     2.45     0.10     5.00
  58.887    86.00     9.27    20.00     4.47     3.00     1.73     3.00     1.73
  59.693    70.00     8.37    19.00     4.36     5.00     2.24     2.00     1.41
  60.500    74.00     8.60    19.00     4.36     6.00     2.45     4.00     2.00
  61.307    67.00     8.19    13.00     3.61     8.00     2.83     1.00     2.00
  62.113    66.00     8.12    17.00     4.12     7.00     2.65     2.00     1.41
  62.920    77.00     8.77     8.00     2.83     4.00     2.00     2.00     1.41
  63.727    75.00     8.66    15.00     3.87     5.00     2.24     3.00     1.73
  64.533    60.00     7.75    14.00     3.74     3.00     1.73     3.00     1.73
  65.340    58.00     7.62    15.00     3.87     3.00     1.73     4.00     2.00
  66.147    50.00     7.07     9.00     3.00     5.00     2.24     1.00     2.00
  66.953    39.00     6.24    13.00     3.61     8.00     2.83     1.00     2.00
  67.760    67.00     8.19    11.00     3.32     8.00     2.83     0.10     5.00
  68.567    30.00     5.48    11.00     3.32     9.00     3.00     1.00     2.00
  69.373    50.00     7.07    13.00     3.61     3.00     1.73     2.00     1.41
  70.180    35.00     5.92    18.00     4.24     0.10     5.00     2.00     1.41
  70.987    50.00     7.07    10.00     3.16     2.00     1.41     2.00     1.41
  71.793    44.00     6.63    15.00     3.87     4.00     2.00     1.00     2.00
  72.600    37.00     6.08     9.00     3.00     3.00     1.73     0.10     5.00
  73.407    31.00     5.57     4.00     2.00     0.10     5.00     0.10     5.00
  74.213    30.00     5.48    12.00     3.46     2.00     1.41     4.00     2.00
  75.020    29.00     5.39     5.00     2.24     1.00     2.00     2.00     1.41
  75.827    28.00     5.29     5.00     2.24     4.00     2.00     0.10     5.00
  76.633    30.00     5.48     8.00     2.83     1.00     2.00     3.00     1.73
  77.440    29.00     5.39     6.00     2.45     0.10     5.00     0.10     5.00
  78.247    23.00     4.80     2.00     1.41     2.00     1.41     1.00     2.00
  79.053    27.00     5.20     8.00     2.83     0.10     5.00     1.00     2.00
  79.860    20.00     4.47     8.00     2.83     1.00     2.00     2.00     1.41
